avg loss (valid set)	avg loss (train set)	
 1.0053e-01	 1.0056e-01	
 1.0049e-01	 1.0530e-01	
 1.0047e-01	 1.0549e-01	
 1.0045e-01	 1.0548e-01	
 1.0045e-01	 1.0546e-01	
 1.0042e-01	 1.0545e-01	
 1.0041e-01	 1.0545e-01	
 1.0041e-01	 1.0543e-01	
 1.0040e-01	 1.0542e-01	
 1.0040e-01	 1.0542e-01	
-1.0000e+00	 1.0541e-01	
 1.0039e-01	 1.0542e-01	
 1.0037e-01	 1.0540e-01	
-1.0000e+00	 1.0540e-01	
 1.0037e-01	 1.0540e-01	
-1.0000e+00	 1.0540e-01	
 1.0036e-01	 1.0539e-01	
-1.0000e+00	 1.0539e-01	
-1.0000e+00	 1.0537e-01	
